2
01
11
21
02
31
101
201
011
301
111
211
2001
0101
3001
1101
2101
3101
1201
2011
11001
3011
21001
31001
12001
20101
22001
30101
32001
210001
310001
120001
201001
220001
301001
320001
111001
211001
1200001
311001
2010001
2200001
3010001
3200001
1110001
2110001
12000001
3110001
1210001
20100001
22000001
2210001
30100001
32000001
11100001
21100001
31100001
12100001
41100001
22100001
21010001
111000001
31010001
12010001
211000001
311000001
121000001
411000001
221000001
210100001
321000001
310100001
120100001
410100001
2110000001
220100001
3110000001
1210000001
4110000001
2210000001
2101000001
3210000001
3101000001
1201000001
4101000001
21100000001
2201000001
31100000001
3201000001
12100000001
41100000001
22100000001
21010000001
32100000001
31010000001
12010000001
41010000001
22010000001
311000000001
32010000001
411000000001
42010000001
21110000001
221000000001
210100000001
31110000001
321000000001
310100000001
120100000001
410100000001
220100000001
320100000001
420100000001
211100000001
230100000001
2101000000001
311100000001
3101000000001
